function CondColors = get_4states_colors
CondColors=[0,0,0;0.9290 0.6940 0.1250;0.4940    0.1840    0.5560;1,0,0];
% CondColors=[0,0,0;0.9961,0.5469,0;0.6953,0.1328,0.1328;0.9961,0.8398,0];
